254 210 1
254 210 1
254 210 1
254 210 1
254 210 1
254 210 1
254 210 1
254 210 1
254 210 1
254 210 1
254 210 1
254 210 1
254 210 1
254 210 1
254 210 1
254 210 1
254 210 1
254 210 1
254 210 1
254 210 1
254 210 1
254 210 1
254 210 1
254 210 1
254 209 1
254 209 1
254 209 1
254 209 1
254 209 1
254 209 1
254 209 1
254 209 1
80 115 104
80 115 104
80 115 105
80 115 105
80 115 105
80 115 105
80 115 105
80 115 105
2 73 151
2 73 151
2 73 151
2 73 151
2 73 151
2 73 151
2 73 151
2 73 151
100 52 99
101 52 99
101 52 99
101 52 99
101 52 99
101 52 99
101 52 99
100 52 99
228 28 31
228 28 31
228 28 31
228 28 31
228 28 31
228 28 31
228 28 31
228 28 31
